1
2
3
4
5
6
7
8
9
10
11
12
13
14
15
16
17
18
19
20
20
22
23
23
25
26
26
28
29
29
29
29
33
33
33
36
36
36
39
40
40
40
40
44
45
46
47
48
49
50
50
50
50
50
55
56
56
58
59
59
59
59
59
59
59
66
66
66
69
70
70
70
70
70
70
70
77
78
79
80
80
80
80
80
80
80
80
88
89
89
89
89
89
89
89
89
89
89
99
100
100
100
100
100
100
100
100
100
100
110
111
112
113
114
115
116
117
118
119
120
120
122
123
123
125
126
126
128
129
129
129
129
133
133
133
136
136
136
139
140
140
140
140
144
145
146
147
148
149
150
150
150
150
150
155
156
156
158
159
159
159
159
159
159
159
166
166
166
169
170
170
170
170
170
170
170
177
178
179
180
180
180
180
180
180
180
180
188
189
189
189
189
189
189
189
189
189
189
199
200
200
200
200
200
200
200
200
200
200
200
200
200
200
200
200
200
200
200
200
220
220
222
223
223
225
226
226
228
229
229
229
229
233
233
233
236
236
236
239
239
239
239
239
239
239
239
239
239
239
250
250
250
250
250
255
256
256
258
259
259
259
259
259
259
259
266
266
266
269
269
269
269
269
269
269
269
269
269
269
280
280
280
280
280
280
280
280
288
289
289
289
289
289
289
289
289
289
289
299
299
299
299
299
299
299
299
299
299
299
299
299
299
299
299
299
299
299
299
299
299
299
299
299
299
299
299
299
299
299
329
329
329
333
333
333
336
336
336
339
339
339
339
339
339
339
339
339
339
339
339
339
339
339
339
339
339
339
339
339
359
359
359
359
359
359
366
366
366
369
369
369
369
369
369
369
369
369
369
369
369
369
369
369
369
369
369
369
369
369
389
389
389
389
389
389
389
389
389
399
400
400
400
400
400
400
400
400
400
400
400
400
400
400
400
400
400
400
400
400
400
400
400
400
400
400
400
400
400
400
400
400
400
400
400
400
400
400
400
400
440
440
440
440
444
445
446
447
448
449
450
450
450
450
450
455
456
456
458
459
459
459
459
459
459
459
466
466
466
469
470
470
470
470
470
470
470
477
478
479
480
480
480
480
480
480
480
480
488
489
489
489
489
489
489
489
489
489
489
499
500
500
500
500
500
500
500
500
500
500
500
500
500
500
500
500
500
500
500
500
500
500
500
500
500
500
500
500
500
500
500
500
500
500
500
500
500
500
500
500
500
500
500
500
500
500
500
500
500
500
550
550
550
550
550
555
556
556
558
559
559
559
559
559
559
559
566
566
566
569
569
569
569
569
569
569
569
569
569
569
580
580
580
580
580
580
580
580
588
589
589
589
589
589
589
589
589
589
589
599
599
599
599
599
599
599
599
599
599
599
599
599
599
599
599
599
599
599
599
599
599
599
599
599
599
599
599
599
599
599
599
599
599
599
599
599
599
599
599
599
599
599
599
599
599
599
599
599
599
599
599
599
599
599
599
599
599
599
599
599
659
659
659
659
659
659
666
666
666
669
669
669
669
669
669
669
669
669
669
669
669
669
669
669
669
669
669
669
669
669
689
689
689
689
689
689
689
689
689
699
700
700
700
700
700
700
700
700
700
700
700
700
700
700
700
700
700
700
700
700
700
700
700
700
700
700
700
700
700
700
700
700
700
700
700
700
700
700
700
700
700
700
700
700
700
700
700
700
700
700
700
700
700
700
700
700
700
700
700
700
700
700
700
700
700
700
700
700
700
700
770
770
770
770
770
770
770
777
778
779
780
780
780
780
780
780
780
780
788
789
789
789
789
789
789
789
789
789
789
799
800
800
800
800
800
800
800
800
800
800
800
800
800
800
800
800
800
800
800
800
800
800
800
800
800
800
800
800
800
800
800
800
800
800
800
800
800
800
800
800
800
800
800
800
800
800
800
800
800
800
800
800
800
800
800
800
800
800
800
800
800
800
800
800
800
800
800
800
800
800
800
800
800
800
800
800
800
800
800
800
880
880
880
880
880
880
880
880
888
889
889
889
889
889
889
889
889
889
889
899
899
899
899
899
899
899
899
899
899
899
899
899
899
899
899
899
899
899
899
899
899
899
899
899
899
899
899
899
899
899
899
899
899
899
899
899
899
899
899
899
899
899
899
899
899
899
899
899
899
899
899
899
899
899
899
899
899
899
899
899
899
899
899
899
899
899
899
899
899
899
899
899
899
899
899
899
899
899
899
899
899
899
899
899
899
899
899
899
899
899
989
989
989
989
989
989
989
989
989
999
1000
1000
1000
1000
1000
1000
1000
1000
1000
1000
1000
1000
1000
1000
1000
1000
1000
1000
1000
1000
1000
1000
1000
1000
1000
1000
1000
1000
1000
1000
1000
1000
1000
1000
1000
1000
1000
1000
1000
1000
1000
1000
1000
1000
1000
1000
1000
1000
1000
1000
1000
1000
1000
1000
1000
1000
1000
1000
1000
1000
1000
1000
1000
1000
1000
1000
1000
1000
1000
1000
1000
1000
1000
1000
1000
1000
1000
1000
1000
1000
1000
1000
1000
1000
1000
1000
1000
1000
1000
1000
1000
1000
1000
1000
1000
1000
1000
1000
1000
1000
1100
1100
1100
1100
1100
1100
1100
1100
1100
1100
1110
1111
1112
1113
1114
1115
1116
1117
1118
1119
1120
1120
1122
1123
1123
1125
1126
1126
1128
1129
1129
1129
1129
1133
1133
1133
1136
1136
1136
1139
1140
1140
1140
1140
1144
1145
1146
1147
1148
1149
1150
1150
1150
1150
1150
1155
1156
1156
1158
1159
1159
1159
1159
1159
1159
1159
1166
1166
1166
1169
1170
1170
1170
1170
1170
1170
1170
1177
1178
1179
1180
1180
1180
1180
1180
1180
1180
1180
1188
1189
1189
1189
1189
1189
1189
1189
1189
1189
1189
1199
1200
1200
1200
1200
1200
1200
1200
1200
1200
1200
1200
1200
1200
1200
1200
1200
1200
1200
1200
1200
1220
1220
1222
1223
1223
1225
1226
1226
1228
1229
1229
1229
1229
1233
1233
1233
1236
1236
1236
1239
1239
1239
1239
1239
1239
1239
1239
1239
1239
1239
1250
1250
1250
1250
1250
1255
1256
1256
1258
1259
1259
1259
1259
1259
1259
1259
1266
1266
1266
1269
1269
1269
1269
1269
1269
1269
1269
1269
1269
1269
1280
1280
1280
1280
1280
1280
1280
1280
1288
1289
1289
1289
1289
1289
1289
1289
1289
1289
1289
1299
1299
1299
1299
1299
1299
1299
1299
1299
1299
1299
1299
1299
1299
1299
1299
1299
1299
1299
1299
1299
1299
1299
1299
1299
1299
1299
1299
1299
1299
1299
1329
1329
1329
1333
1333
1333
1336
1336
1336
1339
1339
1339
1339
1339
1339
1339
1339
1339
1339
1339
1339
1339
1339
1339
1339
1339
1339
1339
1339
1339
1359
1359
1359
1359
1359
1359
1366
1366
1366
1369
1369
1369
1369
1369
1369
1369
1369
1369
1369
1369
1369
1369
1369
1369
1369
1369
1369
1369
1369
1369
1389
1389
1389
1389
1389
1389
1389
1389
1389
1399
1400
1400
1400
1400
1400
1400
1400
1400
1400
1400
1400
1400
1400
1400
1400
1400
1400
1400
1400
1400
1400
1400
1400
1400
1400
1400
1400
1400
1400
1400
1400
1400
1400
1400
1400
1400
1400
1400
1400
1400
1440
1440
1440
1440
1444
1445
1446
1447
1448
1449
1450
1450
1450
1450
1450
1455
1456
1456
1458
1459
1459
1459
1459
1459
1459
1459
1466
1466
1466
1469
1470
1470
1470
1470
1470
1470
1470
1477
1478
1479
1480
1480
1480
1480
1480
1480
1480
1480
1488
1489
1489
1489
1489
1489
1489
1489
1489
1489
1489
1499
1500
1500
1500
1500
1500
1500
1500
1500
1500
1500
1500
1500
1500
1500
1500
1500
1500
1500
1500
1500
1500
1500
1500
1500
1500
1500
1500
1500
1500
1500
1500
1500
1500
1500
1500
1500
1500
1500
1500
1500
1500
1500
1500
1500
1500
1500
1500
1500
1500
1500
1550
1550
1550
1550
1550
1555
1556
1556
1558
1559
1559
1559
1559
1559
1559
1559
1566
1566
1566
1569
1569
1569
1569
1569
1569
1569
1569
1569
1569
1569
1580
1580
1580
1580
1580
1580
1580
1580
1588
1589
1589
1589
1589
1589
1589
1589
1589
1589
1589
1599
1599
1599
1599
1599
1599
1599
1599
1599
1599
1599
1599
1599
1599
1599
1599
1599
1599
1599
1599
1599
1599
1599
1599
1599
1599
1599
1599
1599
1599
1599
1599
1599
1599
1599
1599
1599
1599
1599
1599
1599
1599
1599
1599
1599
1599
1599
1599
1599
1599
1599
1599
1599
1599
1599
1599
1599
1599
1599
1599
1599
1659
1659
1659
1659
1659
1659
1666
1666
1666
1669
1669
1669
1669
1669
1669
1669
1669
1669
1669
1669
1669
1669
1669
1669
1669
1669
1669
1669
1669
1669
1689
1689
1689
1689
1689
1689
1689
1689
1689
1699
1700
1700
1700
1700
1700
1700
1700
1700
1700
1700
1700
1700
1700
1700
1700
1700
1700
1700
1700
1700
1700
1700
1700
1700
1700
1700
1700
1700
1700
1700
1700
1700
1700
1700
1700
1700
1700
1700
1700
1700
1700
1700
1700
1700
1700
1700
1700
1700
1700
1700
1700
1700
1700
1700
1700
1700
1700
1700
1700
1700
1700
1700
1700
1700
1700
1700
1700
1700
1700
1700
1770
1770
1770
1770
1770
1770
1770
1777
1778
1779
1780
1780
1780
1780
1780
1780
1780
1780
1788
1789
1789
1789
1789
1789
1789
1789
1789
1789
1789
1799
1800
1800
1800
1800
1800
1800
1800
1800
1800
1800
1800
1800
1800
1800
1800
1800
1800
1800
1800
1800
1800
1800
1800
1800
1800
1800
1800
1800
1800
1800
1800
1800
1800
1800
1800
1800
1800
1800
1800
1800
1800
1800
1800
1800
1800
1800
1800
1800
1800
1800
1800
1800
1800
1800
1800
1800
1800
1800
1800
1800
1800
1800
1800
1800
1800
1800
1800
1800
1800
1800
1800
1800
1800
1800
1800
1800
1800
1800
1800
1800
1880
1880
1880
1880
1880
1880
1880
1880
1888
1889
1889
1889
1889
1889
1889
1889
1889
1889
1889
1899
1899
1899
1899
1899
1899
1899
1899
1899
1899
1899
1899
1899
1899
1899
1899
1899
1899
1899
1899
1899
1899
1899
1899
1899
1899
1899
1899
1899
1899
1899
1899
1899
1899
1899
1899
1899
1899
1899
1899
1899
1899
1899
1899
1899
1899
1899
1899
1899
1899
1899
1899
1899
1899
1899
1899
1899
1899
1899
1899
1899
1899
1899
1899
1899
1899
1899
1899
1899
1899
1899
1899
1899
1899
1899
1899
1899
1899
1899
1899
1899
1899
1899
1899
1899
1899
1899
1899
1899
1899
1899
1989
1989
1989
1989
1989
1989
1989
1989
1989
1999
2000
2000
2000
2000
2000
2000
2000
2000
2000
2000
2000
2000
2000
2000
2000
2000
2000
2000
2000
2000
2000
2000
2000
2000
2000
2000
2000
2000
2000
2000
2000
2000
2000
2000
2000
2000
2000
2000
2000
2000
2000
2000
2000
2000
2000
2000
2000
2000
2000
2000
2000
2000
2000
2000
2000
2000
2000
2000
2000
2000
2000
2000
2000
2000
2000
2000
2000
2000
2000
2000
2000
2000
2000
2000
2000
2000
2000
2000
2000
2000
2000
2000
2000
2000
2000
2000
2000
2000
2000
2000
2000
2000
2000
2000
2000
2000
2000
2000
2000
2000
2000
2000
2000
2000
2000
2000
2000
2000
2000
2000
2000
2000
2000
2000
2000
2000
2000
2000
2000
2000
2000
2000
2000
2000
2000
2000
2000
2000
2000
2000
2000
2000
2000
2000
2000
2000
2000
2000
2000
2000
2000
2000
2000
2000
2000
2000
2000
2000
2000
2000
2000
2000
2000
2000
2000
2000
2000
2000
2000
2000
2000
2000
2000
2000
2000
2000
2000
2000
2000
2000
2000
2000
2000
2000
2000
2000
2000
2000
2000
2000
2000
2000
2000
2000
2000
2000
2000
2000
2000
2000
2000
2000
2000
2000
2000
2000
2000
2000
2000
2000
2200
2200
2200
2200
2200
2200
2200
2200
2200
2200
2200
2200
2200
2200
2200
2200
2200
2200
2200
2200
2220
2220
2222
2223
2223
2225
2226
2226
2228
2229
2229
2229
2229
2233
2233
2233
2236
2236
2236
2239
2239
2239
2239
2239
2239
2239
2239
2239
2239
2239
2250
2250
2250
2250
2250
2255
2256
2256
2258
2259
2259
2259
2259
2259
2259
2259
2266
2266
2266
2269
2269
2269
2269
2269
2269
2269
2269
2269
2269
2269
2280
2280
2280
2280
2280
2280
2280
2280
2288
2289
2289
2289
2289
2289
2289
2289
2289
2289
2289
2299
2299
2299
2299
2299
2299
2299
2299
2299
2299
2299
2299
2299
2299
2299
2299
2299
2299
2299
2299
2299
2299
2299
2299
2299
2299
2299
2299
2299
2299
2299
2329
2329
2329
2333
2333
2333
2336
2336
2336
2339
2339
2339
2339
2339
2339
2339
2339
2339
2339
2339
2339
2339
2339
2339
2339
2339
2339
2339
2339
2339
2359
2359
2359
2359
2359
2359
2366
2366
2366
2369
2369
2369
2369
2369
2369
2369
2369
2369
2369
2369
2369
2369
2369
2369
2369
2369
2369
2369
2369
2369
2389
2389
2389
2389
2389
2389
2389
2389
2389
2399
2399
2399
2399
2399
2399
2399
2399
2399
2399
2399
2399
2399
2399
2399
2399
2399
2399
2399
2399
2399
2399
2399
2399
2399
2399
2399
2399
2399
2399
2399
2399
2399
2399
2399
2399
2399
2399
2399
2399
2399
2399
2399
2399
2399
2399
2399
2399
2399
2399
2399
2399
2399
2399
2399
2399
2399
2399
2399
2399
2399
2399
2399
2399
2399
2399
2399
2399
2399
2399
2399
2399
2399
2399
2399
2399
2399
2399
2399
2399
2399
2399
2399
2399
2399
2399
2399
2399
2399
2399
2399
2399
2399
2399
2399
2399
2399
2399
2399
2399
2399
2500
2500
2500
2500
2500
2500
2500
2500
2500
2500
2500
2500
2500
2500
2500
2500
2500
2500
2500
2500
2500
2500
2500
2500
2500
2500
2500
2500
2500
2500
2500
2500
2500
2500
2500
2500
2500
2500
2500
2500
2500
2500
2500
2500
2500
2500
2500
2500
2500
2500
2550
2550
2550
2550
2550
2555
2556
2556
2558
2559
2559
2559
2559
2559
2559
2559
2566
2566
2566
2569
2569
2569
2569
2569
2569
2569
2569
2569
2569
2569
2580
2580
2580
2580
2580
2580
2580
2580
2588
2589
2589
2589
2589
2589
2589
2589
2589
2589
2589
2599
2599
2599
2599
2599
2599
2599
2599
2599
2599
2599
2599
2599
2599
2599
2599
2599
2599
2599
2599
2599
2599
2599
2599
2599
2599
2599
2599
2599
2599
2599
2599
2599
2599
2599
2599
2599
2599
2599
2599
2599
2599
2599
2599
2599
2599
2599
2599
2599
2599
2599
2599
2599
2599
2599
2599
2599
2599
2599
2599
2599
2659
2659
2659
2659
2659
2659
2666
2666
2666
2669
2669
2669
2669
2669
2669
2669
2669
2669
2669
2669
2669
2669
2669
2669
2669
2669
2669
2669
2669
2669
2689
2689
2689
2689
2689
2689
2689
2689
2689
2699
2699
2699
2699
2699
2699
2699
2699
2699
2699
2699
2699
2699
2699
2699
2699
2699
2699
2699
2699
2699
2699
2699
2699
2699
2699
2699
2699
2699
2699
2699
2699
2699
2699
2699
2699
2699
2699
2699
2699
2699
2699
2699
2699
2699
2699
2699
2699
2699
2699
2699
2699
2699
2699
2699
2699
2699
2699
2699
2699
2699
2699
2699
2699
2699
2699
2699
2699
2699
2699
2699
2699
2699
2699
2699
2699
2699
2699
2699
2699
2699
2699
2699
2699
2699
2699
2699
2699
2699
2699
2699
2699
2699
2699
2699
2699
2699
2699
2699
2699
2699
2800
2800
2800
2800
2800
2800
2800
2800
2800
2800
2800
2800
2800
2800
2800
2800
2800
2800
2800
2800
2800
2800
2800
2800
2800
2800
2800
2800
2800
2800
2800
2800
2800
2800
2800
2800
2800
2800
2800
2800
2800
2800
2800
2800
2800
2800
2800
2800
2800
2800
2800
2800
2800
2800
2800
2800
2800
2800
2800
2800
2800
2800
2800
2800
2800
2800
2800
2800
2800
2800
2800
2800
2800
2800
2800
2800
2800
2800
2800
2800
2880
2880
2880
2880
2880
2880
2880
2880
2888
2889
2889
2889
2889
2889
2889
2889
2889
2889
2889
2899
2899
2899
2899
2899
2899
2899
2899
2899
2899
2899
2899
2899
2899
2899
2899
2899
2899
2899
2899
2899
2899
2899
2899
2899
2899
2899
2899
2899
2899
2899
2899
2899
2899
2899
2899
2899
2899
2899
2899
2899
2899
2899
2899
2899
2899
2899
2899
2899
2899
2899
2899
2899
2899
2899
2899
2899
2899
2899
2899
2899
2899
2899
2899
2899
2899
2899
2899
2899
2899
2899
2899
2899
2899
2899
2899
2899
2899
2899
2899
2899
2899
2899
2899
2899
2899
2899
2899
2899
2899
2899
2989
2989
2989
2989
2989
2989
2989
2989
2989
2999
2999
2999
2999
2999
2999
2999
2999
2999
2999
2999
2999
2999
2999
2999
2999
2999
2999
2999
2999
2999
2999
2999
2999
2999
2999
2999
2999
2999
2999
2999
2999
2999
2999
2999
2999
2999
2999
2999
2999
2999
2999
2999
2999
2999
2999
2999
2999
2999
2999
2999
2999
2999
2999
2999
2999
2999
2999
2999
2999
2999
2999
2999
2999
2999
2999
2999
2999
2999
2999
2999
2999
2999
2999
2999
2999
2999
2999
2999
2999
2999
2999
2999
2999
2999
2999
2999
2999
2999
2999
2999
2999
2999
2999
2999
2999
2999
2999
2999
2999
2999
2999
2999
2999
2999
2999
2999
2999
2999
2999
2999
2999
2999
2999
2999
2999
2999
2999
2999
2999
2999
2999
2999
2999
2999
2999
2999
2999
2999
2999
2999
2999
2999
2999
2999
2999
2999
2999
2999
2999
2999
2999
2999
2999
2999
2999
2999
2999
2999
2999
2999
2999
2999
2999
2999
2999
2999
2999
2999
2999
2999
2999
2999
2999
2999
2999
2999
2999
2999
2999
2999
2999
2999
2999
2999
2999
2999
2999
2999
2999
2999
2999
2999
2999
2999
2999
2999
2999
2999
2999
2999
2999
2999
2999
2999
2999
2999
2999
2999
2999
2999
2999
2999
2999
2999
2999
2999
2999
2999
2999
2999
2999
2999
2999
2999
2999
2999
2999
2999
2999
2999
2999
2999
2999
2999
2999
2999
2999
2999
2999
2999
2999
2999
2999
2999
2999
2999
2999
2999
2999
2999
2999
2999
2999
2999
2999
2999
2999
2999
2999
2999
2999
2999
2999
2999
2999
2999
2999
2999
2999
2999
2999
2999
2999
2999
2999
2999
2999
2999
2999
2999
2999
2999
2999
2999
2999
2999
2999
2999
2999
2999
2999
2999
2999
2999
2999
2999
2999
2999
2999
2999
2999
2999
2999
2999
2999
2999
2999
2999
2999
2999
3299
3299
3299
3299
3299
3299
3299
3299
3299
3299
3299
3299
3299
3299
3299
3299
3299
3299
3299
3299
3299
3299
3299
3299
3299
3299
3299
3299
3299
3299
3329
3329
3329
3333
3333
3333
3336
3336
3336
3339
3339
3339
3339
3339
3339
3339
3339
3339
3339
3339
3339
3339
3339
3339
3339
3339
3339
3339
3339
3339
3359
3359
3359
3359
3359
3359
3366
3366
3366
3369
3369
3369
3369
3369
3369
3369
3369
3369
3369
3369
3369
3369
3369
3369
3369
3369
3369
3369
3369
3369
3389
3389
3389
3389
3389
3389
3389
3389
3389
3399
3399
3399
3399
3399
3399
3399
3399
3399
3399
3399
3399
3399
3399
3399
3399
3399
3399
3399
3399
3399
3399
3399
3399
3399
3399
3399
3399
3399
3399
3399
3399
3399
3399
3399
3399
3399
3399
3399
3399
3399
3399
3399
3399
3399
3399
3399
3399
3399
3399
3399
3399
3399
3399
3399
3399
3399
3399
3399
3399
3399
3399
3399
3399
3399
3399
3399
3399
3399
3399
3399
3399
3399
3399
3399
3399
3399
3399
3399
3399
3399
3399
3399
3399
3399
3399
3399
3399
3399
3399
3399
3399
3399
3399
3399
3399
3399
3399
3399
3399
3399
3399
3399
3399
3399
3399
3399
3399
3399
3399
3399
3399
3399
3399
3399
3399
3399
3399
3399
3399
3399
3399
3399
3399
3399
3399
3399
3399
3399
3399
3399
3399
3399
3399
3399
3399
3399
3399
3399
3399
3399
3399
3399
3399
3399
3399
3399
3399
3399
3399
3399
3399
3399
3399
3399
3399
3399
3399
3399
3399
3399
3399
3399
3399
3399
3399
3399
3399
3399
3399
3399
3399
3399
3399
3399
3399
3399
3399
3399
3399
3399
3399
3399
3399
3399
3399
3399
3399
3399
3399
3399
3399
3399
3399
3399
3399
3399
3399
3399
3399
3399
3599
3599
3599
3599
3599
3599
3599
3599
3599
3599
3599
3599
3599
3599
3599
3599
3599
3599
3599
3599
3599
3599
3599
3599
3599
3599
3599
3599
3599
3599
3599
3599
3599
3599
3599
3599
3599
3599
3599
3599
3599
3599
3599
3599
3599
3599
3599
3599
3599
3599
3599
3599
3599
3599
3599
3599
3599
3599
3599
3599
3659
3659
3659
3659
3659
3659
3666
3666
3666
3669
3669
3669
3669
3669
3669
3669
3669
3669
3669
3669
3669
3669
3669
3669
3669
3669
3669
3669
3669
3669
3689
3689
3689
3689
3689
3689
3689
3689
3689
3699
3699
3699
3699
3699
3699
3699
3699
3699
3699
3699
3699
3699
3699
3699
3699
3699
3699
3699
3699
3699
3699
3699
3699
3699
3699
3699
3699
3699
3699
3699
3699
3699
3699
3699
3699
3699
3699
3699
3699
3699
3699
3699
3699
3699
3699
3699
3699
3699
3699
3699
3699
3699
3699
3699
3699
3699
3699
3699
3699
3699
3699
3699
3699
3699
3699
3699
3699
3699
3699
3699
3699
3699
3699
3699
3699
3699
3699
3699
3699
3699
3699
3699
3699
3699
3699
3699
3699
3699
3699
3699
3699
3699
3699
3699
3699
3699
3699
3699
3699
3699
3699
3699
3699
3699
3699
3699
3699
3699
3699
3699
3699
3699
3699
3699
3699
3699
3699
3699
3699
3699
3699
3699
3699
3699
3699
3699
3699
3699
3699
3699
3699
3699
3699
3699
3699
3699
3699
3699
3699
3699
3699
3699
3699
3699
3699
3699
3699
3699
3699
3699
3699
3699
3699
3699
3699
3699
3699
3699
3699
3699
3699
3699
3699
3699
3699
3699
3699
3699
3699
3699
3699
3699
3699
3699
3699
3699
3699
3699
3699
3699
3699
3699
3699
3699
3699
3699
3699
3699
3699
3699
3699
3699
3699
3699
3699
3699
3699
3699
3699
3699
3899
3899
3899
3899
3899
3899
3899
3899
3899
3899
3899
3899
3899
3899
3899
3899
3899
3899
3899
3899
3899
3899
3899
3899
3899
3899
3899
3899
3899
3899
3899
3899
3899
3899
3899
3899
3899
3899
3899
3899
3899
3899
3899
3899
3899
3899
3899
3899
3899
3899
3899
3899
3899
3899
3899
3899
3899
3899
3899
3899
3899
3899
3899
3899
3899
3899
3899
3899
3899
3899
3899
3899
3899
3899
3899
3899
3899
3899
3899
3899
3899
3899
3899
3899
3899
3899
3899
3899
3899
3899
3989
3989
3989
3989
3989
3989
3989
3989
3989
3999
4000
4000
4000
4000
4000
4000
4000
4000
4000
4000
4000
4000
4000
4000
4000
4000
4000
4000
4000
4000
4000
4000
4000
4000
4000
4000
4000
4000
4000
4000
4000
4000
4000
4000
4000
4000
4000
4000
4000
4000
4000
4000
4000
4000
4000
4000
4000
4000
4000
4000
4000
4000
4000
4000
4000
4000
4000
4000
4000
4000
4000
4000
4000
4000
4000
4000
4000
4000
4000
4000
4000
4000
4000
4000
4000
4000
4000
4000
4000
4000
4000
4000
4000
4000
4000
4000
4000
4000
4000
4000
4000
4000
4000
4000
4000
4000
4000
4000
4000
4000
4000
4000
4000
4000
4000
4000
4000
4000
4000
4000
4000
4000
4000
4000
4000
4000
4000
4000
4000
4000
4000
4000
4000
4000
4000
4000
4000
4000
4000
4000
4000
4000
4000
4000
4000
4000
4000
4000
4000
4000
4000
4000
4000
4000
4000
4000
4000
4000
4000
4000
4000
4000
4000
4000
4000
4000
4000
4000
4000
4000
4000
4000
4000
4000
4000
4000
4000
4000
4000
4000
4000
4000
4000
4000
4000
4000
4000
4000
4000
4000
4000
4000
4000
4000
4000
4000
4000
4000
4000
4000
4000
4000
4000
4000
4000
4000
4000
4000
4000
4000
4000
4000
4000
4000
4000
4000
4000
4000
4000
4000
4000
4000
4000
4000
4000
4000
4000
4000
4000
4000
4000
4000
4000
4000
4000
4000
4000
4000
4000
4000
4000
4000
4000
4000
4000
4000
4000
4000
4000
4000
4000
4000
4000
4000
4000
4000
4000
4000
4000
4000
4000
4000
4000
4000
4000
4000
4000
4000
4000
4000
4000
4000
4000
4000
4000
4000
4000
4000
4000
4000
4000
4000
4000
4000
4000
4000
4000
4000
4000
4000
4000
4000
4000
4000
4000
4000
4000
4000
4000
4000
4000
4000
4000
4000
4000
4000
4000
4000
4000
4000
4000
4000
4000
4000
4000
4000
4000
4000
4000
4000
4000
4000
4000
4000
4000
4000
4000
4000
4000
4000
4000
4000
4000
4000
4000
4000
4000
4000
4000
4000
4000
4000
4000
4000
4000
4000
4000
4000
4000
4000
4000
4000
4000
4000
4000
4000
4000
4000
4000
4000
4000
4000
4000
4000
4000
4000
4000
4000
4000
4000
4000
4000
4000
4000
4000
4000
4000
4000
4000
4000
4000
4000
4000
4000
4000
4000
4000
4000
4000
4000
4000
4000
4000
4000
4000
4000
4000
4000
4000
4000
4000
4000
4000
4000
4000
4000
4000
4000
4000
4000
4400
4400
4400
4400
4400
4400
4400
4400
4400
4400
4400
4400
4400
4400
4400
4400
4400
4400
4400
4400
4400
4400
4400
4400
4400
4400
4400
4400
4400
4400
4400
4400
4400
4400
4400
4400
4400
4400
4400
4400
4440
4440
4440
4440
4444
4445
4446
4447
4448
4449
4450
4450
4450
4450
4450
4455
4456
4456
4458
4459
4459
4459
4459
4459
4459
4459
4466
4466
4466
4469
4470
4470
4470
4470
4470
4470
4470
4477
4478
4479
4480
4480
4480
4480
4480
4480
4480
4480
4488
4489
4489
4489
4489
4489
4489
4489
4489
4489
4489
4499
4500
4500
4500
4500
4500
4500
4500
4500
4500
4500
4500
4500
4500
4500
4500
4500
4500
4500
4500
4500
4500
4500
4500
4500
4500
4500
4500
4500
4500
4500
4500
4500
4500
4500
4500
4500
4500
4500
4500
4500
4500
4500
4500
4500
4500
4500
4500
4500
4500
4500
4550
4550
4550
4550
4550
4555
4556
4556
4558
4559
4559
4559
4559
4559
4559
4559
4566
4566
4566
4569
4569
4569
4569
4569
4569
4569
4569
4569
4569
4569
4580
4580
4580
4580
4580
4580
4580
4580
4588
4589
4589
4589
4589
4589
4589
4589
4589
4589
4589
4599
4599
4599
4599
4599
4599
4599
4599
4599
4599
4599
4599
4599
4599
4599
4599
4599
4599
4599
4599
4599
4599
4599
4599
4599
4599
4599
4599
4599
4599
4599
4599
4599
4599
4599
4599
4599
4599
4599
4599
4599
4599
4599
4599
4599
4599
4599
4599
4599
4599
4599
4599
4599
4599
4599
4599
4599
4599
4599
4599
4599
4659
4659
4659
4659
4659
4659
4666
4666
4666
4669
4669
4669
4669
4669
4669
4669
4669
4669
4669
4669
4669
4669
4669
4669
4669
4669
4669
4669
4669
4669
4689
4689
4689
4689
4689
4689
4689
4689
4689
4699
4700
4700
4700
4700
4700
4700
4700
4700
4700
4700
4700
4700
4700
4700
4700
4700
4700
4700
4700
4700
4700
4700
4700
4700
4700
4700
4700
4700
4700
4700
4700
4700
4700
4700
4700
4700
4700
4700
4700
4700
4700
4700
4700
4700
4700
4700
4700
4700
4700
4700
4700
4700
4700
4700
4700
4700
4700
4700
4700
4700
4700
4700
4700
4700
4700
4700
4700
4700
4700
4700
4770
4770
4770
4770
4770
4770
4770
4777
4778
4779
4780
4780
4780
4780
4780
4780
4780
4780
4788
4789
4789
4789
4789
4789
4789
4789
4789
4789
4789
4799
4800
4800
4800
4800
4800
4800
4800
4800
4800
4800
4800
4800
4800
4800
4800
4800
4800
4800
4800
4800
4800
4800
4800
4800
4800
4800
4800
4800
4800
4800
4800
4800
4800
4800
4800
4800
4800
4800
4800
4800
4800
4800
4800
4800
4800
4800
4800
4800
4800
4800
4800
4800
4800
4800
4800
4800
4800
4800
4800
4800
4800
4800
4800
4800
4800
4800
4800
4800
4800
4800
4800
4800
4800
4800
4800
4800
4800
4800
4800
4800
4880
4880
4880
4880
4880
4880
4880
4880
4888
4889
4889
4889
4889
4889
4889
4889
4889
4889
4889
4899
4899
4899
4899
4899
4899
4899
4899
4899
4899
4899
4899
4899
4899
4899
4899
4899
4899
4899
4899
4899
4899
4899
4899
4899
4899
4899
4899
4899
4899
4899
4899
4899
4899
4899
4899
4899
4899
4899
4899
4899
4899
4899
4899
4899
4899
4899
4899
4899
4899
4899
4899
4899
4899
4899
4899
4899
4899
4899
4899
4899
4899
4899
4899
4899
4899
4899
4899
4899
4899
4899
4899
4899
4899
4899
4899
4899
4899
4899
4899
4899
4899
4899
4899
4899
4899
4899
4899
4899
4899
4899
4989
4989
4989
4989
4989
4989
4989
4989
4989
4999
5000
5000
5000
5000
5000
5000
5000
5000
5000
5000
5000
5000
5000
5000
5000
5000
5000
5000
5000
5000
5000
5000
5000
5000
5000
5000
5000
5000
5000
5000
5000
5000
5000
5000
5000
5000
5000
5000
5000
5000
5000
5000
5000
5000
5000
5000
5000
5000
5000
5000
5000
5000
5000
5000
5000
5000
5000
5000
5000
5000
5000
5000
5000
5000
5000
5000
5000
5000
5000
5000
5000
5000
5000
5000
5000
5000
5000
5000
5000
5000
5000
5000
5000
5000
5000
5000
5000
5000
5000
5000
5000
5000
5000
5000
5000
5000
5000
5000
5000
5000
5000
5000
5000
5000
5000
5000
5000
5000
5000
5000
5000
5000
5000
5000
5000
5000
5000
5000
5000
5000
5000
5000
5000
5000
5000
5000
5000
5000
5000
5000
5000
5000
5000
5000
5000
5000
5000
5000
5000
5000
5000
5000
5000
5000
5000
5000
5000
5000
5000
5000
5000
5000
5000
5000
5000
5000
5000
5000
5000
5000
5000
5000
5000
5000
5000
5000
5000
5000
5000
5000
5000
5000
5000
5000
5000
5000
5000
5000
5000
5000
5000
5000
5000
5000
5000
5000
5000
5000
5000
5000
5000
5000
5000
5000
5000
5000
5000
5000
5000
5000
5000
5000
5000
5000
5000
5000
5000
5000
5000
5000
5000
5000
5000
5000
5000
5000
5000
5000
5000
5000
5000
5000
5000
5000
5000
5000
5000
5000
5000
5000
5000
5000
5000
5000
5000
5000
5000
5000
5000
5000
5000
5000
5000
5000
5000
5000
5000
5000
5000
5000
5000
5000
5000
5000
5000
5000
5000
5000
5000
5000
5000
5000
5000
5000
5000
5000
5000
5000
5000
5000
5000
5000
5000
5000
5000
5000
5000
5000
5000
5000
5000
5000
5000
5000
5000
5000
5000
5000
5000
5000
5000
5000
5000
5000
5000
5000
5000
5000
5000
5000
5000
5000
5000
5000
5000
5000
5000
5000
5000
5000
5000
5000
5000
5000
5000
5000
5000
5000
5000
5000
5000
5000
5000
5000
5000
5000
5000
5000
5000
5000
5000
5000
5000
5000
5000
5000
5000
5000
5000
5000
5000
5000
5000
5000
5000
5000
5000
5000
5000
5000
5000
5000
5000
5000
5000
5000
5000
5000
5000
5000
5000
5000
5000
5000
5000
5000
5000
5000
5000
5000
5000
5000
5000
5000
5000
5000
5000
5000
5000
5000
5000
5000
5000
5000
5000
5000
5000
5000
5000
5000
5000
5000
5000
5000
5000
5000
5000
5000
5000
5000
5000
5000
5000
5000
5000
5000
5000
5000
5000
5000
5000
5000
5000
5000
5000
5000
5000
5000
5000
5000
5000
5000
5000
5000
5000
5000
5000
5000
5000
5000
5000
5000
5000
5000
5000
5000
5000
5000
5000
5000
5000
5000
5000
5000
5000
5000
5000
5000
5000
5000
5000
5000
5000
5000
5000
5000
5000
5000
5000
5000
5000
5000
5000
5000
5000
5000
5000
5000
5000
5000
5000
5000
5000
5000
5000
5000
5000
5000
5000
5000
5000
5000
5000
5000
5000
5000
5000
5000
5000
5000
5000
5000
5000
5000
5000
5000
5000
5000
5000
5000
5500
5500
5500
5500
5500
5500
5500
5500
5500
5500
5500
5500
5500
5500
5500
5500
5500
5500
5500
5500
5500
5500
5500
5500
5500
5500
5500
5500
5500
5500
5500
5500
5500
5500
5500
5500
5500
5500
5500
5500
5500
5500
5500
5500
5500
5500
5500
5500
5500
5500
5550
5550
5550
5550
5550
5555
5556
5556
5558
5559
5559
5559
5559
5559
5559
5559
5566
5566
5566
5569
5569
5569
5569
5569
5569
5569
5569
5569
5569
5569
5580
5580
5580
5580
5580
5580
5580
5580
5588
5589
5589
5589
5589
5589
5589
5589
5589
5589
5589
5599
5599
5599
5599
5599
5599
5599
5599
5599
5599
5599
5599
5599
5599
5599
5599
5599
5599
5599
5599
5599
5599
5599
5599
5599
5599
5599
5599
5599
5599
5599
5599
5599
5599
5599
5599
5599
5599
5599
5599
5599
5599
5599
5599
5599
5599
5599
5599
5599
5599
5599
5599
5599
5599
5599
5599
5599
5599
5599
5599
5599
5659
5659
5659
5659
5659
5659
5666
5666
5666
5669
5669
5669
5669
5669
5669
5669
5669
5669
5669
5669
5669
5669
5669
5669
5669
5669
5669
5669
5669
5669
5689
5689
5689
5689
5689
5689
5689
5689
5689
5699
5699
5699
5699
5699
5699
5699
5699
5699
5699
5699
5699
5699
5699
5699
5699
5699
5699
5699
5699
5699
5699
5699
5699
5699
5699
5699
5699
5699
5699
5699
5699
5699
5699
5699
5699
5699
5699
5699
5699
5699
5699
5699
5699
5699
5699
5699
5699
5699
5699
5699
5699
5699
5699
5699
5699
5699
5699
5699
5699
5699
5699
5699
5699
5699
5699
5699
5699
5699
5699
5699
5699
5699
5699
5699
5699
5699
5699
5699
5699
5699
5699
5699
5699
5699
5699
5699
5699
5699
5699
5699
5699
5699
5699
5699
5699
5699
5699
5699
5699
5699
5800
5800
5800
5800
5800
5800
5800
5800
5800
5800
5800
5800
5800
5800
5800
5800
5800
5800
5800
5800
5800
5800
5800
5800
5800
5800
5800
5800
5800
5800
5800
5800
5800
5800
5800
5800
5800
5800
5800
5800
5800
5800
5800
5800
5800
5800
5800
5800
5800
5800
5800
5800
5800
5800
5800
5800
5800
5800
5800
5800
5800
5800
5800
5800
5800
5800
5800
5800
5800
5800
5800
5800
5800
5800
5800
5800
5800
5800
5800
5800
5880
5880
5880
5880
5880
5880
5880
5880
5888
5889
5889
5889
5889
5889
5889
5889
5889
5889
5889
5899
5899
5899
5899
5899
5899
5899
5899
5899
5899
5899
5899
5899
5899
5899
5899
5899
5899
5899
5899
5899
5899
5899
5899
5899
5899
5899
5899
5899
5899
5899
5899
5899
5899
5899
5899
5899
5899
5899
5899
5899
5899
5899
5899
5899
5899
5899
5899
5899
5899
5899
5899
5899
5899
5899
5899
5899
5899
5899
5899
5899
5899
5899
5899
5899
5899
5899
5899
5899
5899
5899
5899
5899
5899
5899
5899
5899
5899
5899
5899
5899
5899
5899
5899
5899
5899
5899
5899
5899
5899
5899
5989
5989
5989
5989
5989
5989
5989
5989
5989
5999
5999
5999
5999
5999
5999
5999
5999
5999
5999
5999
5999
5999
5999
5999
5999
5999
5999
5999
5999
5999
5999
5999
5999
5999
5999
5999
5999
5999
5999
5999
5999
5999
5999
5999
5999
5999
5999
5999
5999
5999
5999
5999
5999
5999
5999
5999
5999
5999
5999
5999
5999
5999
5999
5999
5999
5999
5999
5999
5999
5999
5999
5999
5999
5999
5999
5999
5999
5999
5999
5999
5999
5999
5999
5999
5999
5999
5999
5999
5999
5999
5999
5999
5999
5999
5999
5999
5999
5999
5999
5999
5999
5999
5999
5999
5999
5999
5999
5999
5999
5999
5999
5999
5999
5999
5999
5999
5999
5999
5999
5999
5999
5999
5999
5999
5999
5999
5999
5999
5999
5999
5999
5999
5999
5999
5999
5999
5999
5999
5999
5999
5999
5999
5999
5999
5999
5999
5999
5999
5999
5999
5999
5999
5999
5999
5999
5999
5999
5999
5999
5999
5999
5999
5999
5999
5999
5999
5999
5999
5999
5999
5999
5999
5999
5999
5999
5999
5999
5999
5999
5999
5999
5999
5999
5999
5999
5999
5999
5999
5999
5999
5999
5999
5999
5999
5999
5999
5999
5999
5999
5999
5999
5999
5999
5999
5999
5999
5999
5999
5999
5999
5999
5999
5999
5999
5999
5999
5999
5999
5999
5999
5999
5999
5999
5999
5999
5999
5999
5999
5999
5999
5999
5999
5999
5999
5999
5999
5999
5999
5999
5999
5999
5999
5999
5999
5999
5999
5999
5999
5999
5999
5999
5999
5999
5999
5999
5999
5999
5999
5999
5999
5999
5999
5999
5999
5999
5999
5999
5999
5999
5999
5999
5999
5999
5999
5999
5999
5999
5999
5999
5999
5999
5999
5999
5999
5999
5999
5999
5999
5999
5999
5999
5999
5999
5999
5999
5999
5999
5999
5999
5999
5999
5999
5999
5999
5999
5999
5999
5999
5999
5999
5999
5999
5999
5999
5999
5999
5999
5999
5999
5999
5999
5999
5999
5999
5999
5999
5999
5999
5999
5999
5999
5999
5999
5999
5999
5999
5999
5999
5999
5999
5999
5999
5999
5999
5999
5999
5999
5999
5999
5999
5999
5999
5999
5999
5999
5999
5999
5999
5999
5999
5999
5999
5999
5999
5999
5999
5999
5999
5999
5999
5999
5999
5999
5999
5999
5999
5999
5999
5999
5999
5999
5999
5999
5999
5999
5999
5999
5999
5999
5999
5999
5999
5999
5999
5999
5999
5999
5999
5999
5999
5999
5999
5999
5999
5999
5999
5999
5999
5999
5999
5999
5999
5999
5999
5999
5999
5999
5999
5999
5999
5999
5999
5999
5999
5999
5999
5999
5999
5999
5999
5999
5999
5999
5999
5999
5999
5999
5999
5999
5999
5999
5999
5999
5999
5999
5999
5999
5999
5999
5999
5999
5999
5999
5999
5999
5999
5999
5999
5999
5999
5999
5999
5999
5999
5999
5999
5999
5999
5999
5999
5999
5999
5999
5999
5999
5999
5999
5999
5999
5999
5999
5999
5999
5999
5999
5999
5999
5999
5999
5999
5999
5999
5999
5999
5999
5999
5999
5999
5999
5999
5999
5999
5999
5999
5999
5999
5999
5999
5999
5999
5999
5999
5999
5999
5999
5999
5999
5999
5999
5999
5999
5999
5999
5999
5999
5999
5999
5999
5999
5999
5999
5999
5999
5999
5999
5999
5999
5999
5999
5999
5999
5999
5999
5999
5999
5999
5999
5999
5999
5999
5999
5999
5999
5999
5999
5999
5999
5999
5999
5999
5999
5999
5999
5999
5999
5999
5999
5999
5999
5999
5999
5999
5999
5999
5999
5999
5999
5999
5999
5999
5999
5999
5999
5999
5999
5999
5999
5999
5999
5999
5999
5999
5999
5999
5999
5999
5999
5999
5999
5999
5999
5999
5999
5999
5999
5999
5999
5999
5999
5999
6599
6599
6599
6599
6599
6599
6599
6599
6599
6599
6599
6599
6599
6599
6599
6599
6599
6599
6599
6599
6599
6599
6599
6599
6599
6599
6599
6599
6599
6599
6599
6599
6599
6599
6599
6599
6599
6599
6599
6599
6599
6599
6599
6599
6599
6599
6599
6599
6599
6599
6599
6599
6599
6599
6599
6599
6599
6599
6599
6599
6659
6659
6659
6659
6659
6659
6666
6666
6666
6669
6669
6669
6669
6669
6669
6669
6669
6669
6669
6669
6669
6669
6669
6669
6669
6669
6669
6669
6669
6669
6689
6689
6689
6689
6689
6689
6689
6689
6689
6699
6699
6699
6699
6699
6699
6699
6699
6699
6699
6699
6699
6699
6699
6699
6699
6699
6699
6699
6699
6699
6699
6699
6699
6699
6699
6699
6699
6699
6699
6699
6699
6699
6699
6699
6699
6699
6699
6699
6699
6699
6699
6699
6699
6699
6699
6699
6699
6699
6699
6699
6699
6699
6699
6699
6699
6699
6699
6699
6699
6699
6699
6699
6699
6699
6699
6699
6699
6699
6699
6699
6699
6699
6699
6699
6699
6699
6699
6699
6699
6699
6699
6699
6699
6699
6699
6699
6699
6699
6699
6699
6699
6699
6699
6699
6699
6699
6699
6699
6699
6699
6699
6699
6699
6699
6699
6699
6699
6699
6699
6699
6699
6699
6699
6699
6699
6699
6699
6699
6699
6699
6699
6699
6699
6699
6699
6699
6699
6699
6699
6699
6699
6699
6699
6699
6699
6699
6699
6699
6699
6699
6699
6699
6699
6699
6699
6699
6699
6699
6699
6699
6699
6699
6699
6699
6699
6699
6699
6699
6699
6699
6699
6699
6699
6699
6699
6699
6699
6699
6699
6699
6699
6699
6699
6699
6699
6699
6699
6699
6699
6699
6699
6699
6699
6699
6699
6699
6699
6699
6699
6699
6699
6699
6699
6699
6699
6699
6699
6699
6699
6699
6899
6899
6899
6899
6899
6899
6899
6899
6899
6899
6899
6899
6899
6899
6899
6899
6899
6899
6899
6899
6899
6899
6899
6899
6899
6899
6899
6899
6899
6899
6899
6899
6899
6899
6899
6899
6899
6899
6899
6899
6899
6899
6899
6899
6899
6899
6899
6899
6899
6899
6899
6899
6899
6899
6899
6899
6899
6899
6899
6899
6899
6899
6899
6899
6899
6899
6899
6899
6899
6899
6899
6899
6899
6899
6899
6899
6899
6899
6899
6899
6899
6899
6899
6899
6899
6899
6899
6899
6899
6899
6989
6989
6989
6989
6989
6989
6989
6989
6989
6999
7000
7000
7000
7000
7000
7000
7000
7000
7000
7000
7000
7000
7000
7000
7000
7000
7000
7000
7000
7000
7000
7000
7000
7000
7000
7000
7000
7000
7000
7000
7000
7000
7000
7000
7000
7000
7000
7000
7000
7000
7000
7000
7000
7000
7000
7000
7000
7000
7000
7000
7000
7000
7000
7000
7000
7000
7000
7000
7000
7000
7000
7000
7000
7000
7000
7000
7000
7000
7000
7000
7000
7000
7000
7000
7000
7000
7000
7000
7000
7000
7000
7000
7000
7000
7000
7000
7000
7000
7000
7000
7000
7000
7000
7000
7000
7000
7000
7000
7000
7000
7000
7000
7000
7000
7000
7000
7000
7000
7000
7000
7000
7000
7000
7000
7000
7000
7000
7000
7000
7000
7000
7000
7000
7000
7000
7000
7000
7000
7000
7000
7000
7000
7000
7000
7000
7000
7000
7000
7000
7000
7000
7000
7000
7000
7000
7000
7000
7000
7000
7000
7000
7000
7000
7000
7000
7000
7000
7000
7000
7000
7000
7000
7000
7000
7000
7000
7000
7000
7000
7000
7000
7000
7000
7000
7000
7000
7000
7000
7000
7000
7000
7000
7000
7000
7000
7000
7000
7000
7000
7000
7000
7000
7000
7000
7000
7000
7000
7000
7000
7000
7000
7000
7000
7000
7000
7000
7000
7000
7000
7000
7000
7000
7000
7000
7000
7000
7000
7000
7000
7000
7000
7000
7000
7000
7000
7000
7000
7000
7000
7000
7000
7000
7000
7000
7000
7000
7000
7000
7000
7000
7000
7000
7000
7000
7000
7000
7000
7000
7000
7000
7000
7000
7000
7000
7000
7000
7000
7000
7000
7000
7000
7000
7000
7000
7000
7000
7000
7000
7000
7000
7000
7000
7000
7000
7000
7000
7000
7000
7000
7000
7000
7000
7000
7000
7000
7000
7000
7000
7000
7000
7000
7000
7000
7000
7000
7000
7000
7000
7000
7000
7000
7000
7000
7000
7000
7000
7000
7000
7000
7000
7000
7000
7000
7000
7000
7000
7000
7000
7000
7000
7000
7000
7000
7000
7000
7000
7000
7000
7000
7000
7000
7000
7000
7000
7000
7000
7000
7000
7000
7000
7000
7000
7000
7000
7000
7000
7000
7000
7000
7000
7000
7000
7000
7000
7000
7000
7000
7000
7000
7000
7000
7000
7000
7000
7000
7000
7000
7000
7000
7000
7000
7000
7000
7000
7000
7000
7000
7000
7000
7000
7000
7000
7000
7000
7000
7000
7000
7000
7000
7000
7000
7000
7000
7000
7000
7000
7000
7000
7000
7000
7000
7000
7000
7000
7000
7000
7000
7000
7000
7000
7000
7000
7000
7000
7000
7000
7000
7000
7000
7000
7000
7000
7000
7000
7000
7000
7000
7000
7000
7000
7000
7000
7000
7000
7000
7000
7000
7000
7000
7000
7000
7000
7000
7000
7000
7000
7000
7000
7000
7000
7000
7000
7000
7000
7000
7000
7000
7000
7000
7000
7000
7000
7000
7000
7000
7000
7000
7000
7000
7000
7000
7000
7000
7000
7000
7000
7000
7000
7000
7000
7000
7000
7000
7000
7000
7000
7000
7000
7000
7000
7000
7000
7000
7000
7000
7000
7000
7000
7000
7000
7000
7000
7000
7000
7000
7000
7000
7000
7000
7000
7000
7000
7000
7000
7000
7000
7000
7000
7000
7000
7000
7000
7000
7000
7000
7000
7000
7000
7000
7000
7000
7000
7000
7000
7000
7000
7000
7000
7000
7000
7000
7000
7000
7000
7000
7000
7000
7000
7000
7000
7000
7000
7000
7000
7000
7000
7000
7000
7000
7000
7000
7000
7000
7000
7000
7000
7000
7000
7000
7000
7000
7000
7000
7000
7000
7000
7000
7000
7000
7000
7000
7000
7000
7000
7000
7000
7000
7000
7000
7000
7000
7000
7000
7000
7000
7000
7000
7000
7000
7000
7000
7000
7000
7000
7000
7000
7000
7000
7000
7000
7000
7000
7000
7000
7000
7000
7000
7000
7000
7000
7000
7000
7000
7000
7000
7000
7000
7000
7000
7000
7000
7000
7000
7000
7000
7000
7000
7000
7000
7000
7000
7000
7000
7000
7000
7000
7000
7000
7000
7000
7000
7000
7000
7000
7000
7000
7000
7000
7000
7000
7000
7000
7000
7000
7000
7000
7000
7000
7000
7000
7000
7000
7000
7000
7000
7000
7000
7000
7000
7000
7000
7000
7000
7000
7000
7000
7000
7000
7000
7000
7000
7000
7000
7000
7000
7000
7000
7000
7000
7000
7700
7700
7700
7700
7700
7700
7700
7700
7700
7700
7700
7700
7700
7700
7700
7700
7700
7700
7700
7700
7700
7700
7700
7700
7700
7700
7700
7700
7700
7700
7700
7700
7700
7700
7700
7700
7700
7700
7700
7700
7700
7700
7700
7700
7700
7700
7700
7700
7700
7700
7700
7700
7700
7700
7700
7700
7700
7700
7700
7700
7700
7700
7700
7700
7700
7700
7700
7700
7700
7700
7770
7770
7770
7770
7770
7770
7770
7777
7778
7779
7780
7780
7780
7780
7780
7780
7780
7780
7788
7789
7789
7789
7789
7789
7789
7789
7789
7789
7789
7799
7800
7800
7800
7800
7800
7800
7800
7800
7800
7800
7800
7800
7800
7800
7800
7800
7800
7800
7800
7800
7800
7800
7800
7800
7800
7800
7800
7800
7800
7800
7800
7800
7800
7800
7800
7800
7800
7800
7800
7800
7800
7800
7800
7800
7800
7800
7800
7800
7800
7800
7800
7800
7800
7800
7800
7800
7800
7800
7800
7800
7800
7800
7800
7800
7800
7800
7800
7800
7800
7800
7800
7800
7800
7800
7800
7800
7800
7800
7800
7800
7880
7880
7880
7880
7880
7880
7880
7880
7888
7889
7889
7889
7889
7889
7889
7889
7889
7889
7889
7899
7899
7899
7899
7899
7899
7899
7899
7899
7899
7899
7899
7899
7899
7899
7899
7899
7899
7899
7899
7899
7899
7899
7899
7899
7899
7899
7899
7899
7899
7899
7899
7899
7899
7899
7899
7899
7899
7899
7899
7899
7899
7899
7899
7899
7899
7899
7899
7899
7899
7899
7899
7899
7899
7899
7899
7899
7899
7899
7899
7899
7899
7899
7899
7899
7899
7899
7899
7899
7899
7899
7899
7899
7899
7899
7899
7899
7899
7899
7899
7899
7899
7899
7899
7899
7899
7899
7899
7899
7899
7899
7989
7989
7989
7989
7989
7989
7989
7989
7989
7999
8000
8000
8000
8000
8000
8000
8000
8000
8000
8000
8000
8000
8000
8000
8000
8000
8000
8000
8000
8000
8000
8000
8000
8000
8000
8000
8000
8000
8000
8000
8000
8000
8000
8000
8000
8000
8000
8000
8000
8000
8000
8000
8000
8000
8000
8000
8000
8000
8000
8000
8000
8000
8000
8000
8000
8000
8000
8000
8000
8000
8000
8000
8000
8000
8000
8000
8000
8000
8000
8000
8000
8000
8000
8000
8000
8000
8000
8000
8000
8000
8000
8000
8000
8000
8000
8000
8000
8000
8000
8000
8000
8000
8000
8000
8000
8000
8000
8000
8000
8000
8000
8000
8000
8000
8000
8000
8000
8000
8000
8000
8000
8000
8000
8000
8000
8000
8000
8000
8000
8000
8000
8000
8000
8000
8000
8000
8000
8000
8000
8000
8000
8000
8000
8000
8000
8000
8000
8000
8000
8000
8000
8000
8000
8000
8000
8000
8000
8000
8000
8000
8000
8000
8000
8000
8000
8000
8000
8000
8000
8000
8000
8000
8000
8000
8000
8000
8000
8000
8000
8000
8000
8000
8000
8000
8000
8000
8000
8000
8000
8000
8000
8000
8000
8000
8000
8000
8000
8000
8000
8000
8000
8000
8000
8000
8000
8000
8000
8000
8000
8000
8000
8000
8000
8000
8000
8000
8000
8000
8000
8000
8000
8000
8000
8000
8000
8000
8000
8000
8000
8000
8000
8000
8000
8000
8000
8000
8000
8000
8000
8000
8000
8000
8000
8000
8000
8000
8000
8000
8000
8000
8000
8000
8000
8000
8000
8000
8000
8000
8000
8000
8000
8000
8000
8000
8000
8000
8000
8000
8000
8000
8000
8000
8000
8000
8000
8000
8000
8000
8000
8000
8000
8000
8000
8000
8000
8000
8000
8000
8000
8000
8000
8000
8000
8000
8000
8000
8000
8000
8000
8000
8000
8000
8000
8000
8000
8000
8000
8000
8000
8000
8000
8000
8000
8000
8000
8000
8000
8000
8000
8000
8000
8000
8000
8000
8000
8000
8000
8000
8000
8000
8000
8000
8000
8000
8000
8000
8000
8000
8000
8000
8000
8000
8000
8000
8000
8000
8000
8000
8000
8000
8000
8000
8000
8000
8000
8000
8000
8000
8000
8000
8000
8000
8000
8000
8000
8000
8000
8000
8000
8000
8000
8000
8000
8000
8000
8000
8000
8000
8000
8000
8000
8000
8000
8000
8000
8000
8000
8000
8000
8000
8000
8000
8000
8000
8000
8000
8000
8000
8000
8000
8000
8000
8000
8000
8000
8000
8000
8000
8000
8000
8000
8000
8000
8000
8000
8000
8000
8000
8000
8000
8000
8000
8000
8000
8000
8000
8000
8000
8000
8000
8000
8000
8000
8000
8000
8000
8000
8000
8000
8000
8000
8000
8000
8000
8000
8000
8000
8000
8000
8000
8000
8000
8000
8000
8000
8000
8000
8000
8000
8000
8000
8000
8000
8000
8000
8000
8000
8000
8000
8000
8000
8000
8000
8000
8000
8000
8000
8000
8000
8000
8000
8000
8000
8000
8000
8000
8000
8000
8000
8000
8000
8000
8000
8000
8000
8000
8000
8000
8000
8000
8000
8000
8000
8000
8000
8000
8000
8000
8000
8000
8000
8000
8000
8000
8000
8000
8000
8000
8000
8000
8000
8000
8000
8000
8000
8000
8000
8000
8000
8000
8000
8000
8000
8000
8000
8000
8000
8000
8000
8000
8000
8000
8000
8000
8000
8000
8000
8000
8000
8000
8000
8000
8000
8000
8000
8000
8000
8000
8000
8000
8000
8000
8000
8000
8000
8000
8000
8000
8000
8000
8000
8000
8000
8000
8000
8000
8000
8000
8000
8000
8000
8000
8000
8000
8000
8000
8000
8000
8000
8000
8000
8000
8000
8000
8000
8000
8000
8000
8000
8000
8000
8000
8000
8000
8000
8000
8000
8000
8000
8000
8000
8000
8000
8000
8000
8000
8000
8000
8000
8000
8000
8000
8000
8000
8000
8000
8000
8000
8000
8000
8000
8000
8000
8000
8000
8000
8000
8000
8000
8000
8000
8000
8000
8000
8000
8000
8000
8000
8000
8000
8000
8000
8000
8000
8000
8000
8000
8000
8000
8000
8000
8000
8000
8000
8000
8000
8000
8000
8000
8000
8000
8000
8000
8000
8000
8000
8000
8000
8000
8000
8000
8000
8000
8000
8000
8000
8000
8000
8000
8000
8000
8000
8000
8000
8000
8000
8000
8000
8000
8000
8000
8000
8000
8000
8000
8000
8000
8000
8000
8000
8000
8000
8000
8000
8000
8000
8000
8000
8000
8000
8000
8000
8000
8000
8000
8000
8000
8000
8000
8000
8000
8000
8000
8000
8000
8000
8000
8000
8000
8000
8000
8000
8000
8000
8000
8000
8000
8000
8000
8000
8000
8000
8000
8000
8000
8000
8000
8000
8000
8000
8000
8000
8000
8000
8000
8000
8000
8000
8000
8000
8000
8000
8000
8000
8000
8000
8000
8000
8000
8000
8000
8000
8000
8000
8000
8000
8000
8000
8000
8000
8000
8000
8000
8000
8000
8000
8000
8000
8000
8000
8000
8000
8000
8000
8000
8000
8000
8000
8000
8000
8800
8800
8800
8800
8800
8800
8800
8800
8800
8800
8800
8800
8800
8800
8800
8800
8800
8800
8800
8800
8800
8800
8800
8800
8800
8800
8800
8800
8800
8800
8800
8800
8800
8800
8800
8800
8800
8800
8800
8800
8800
8800
8800
8800
8800
8800
8800
8800
8800
8800
8800
8800
8800
8800
8800
8800
8800
8800
8800
8800
8800
8800
8800
8800
8800
8800
8800
8800
8800
8800
8800
8800
8800
8800
8800
8800
8800
8800
8800
8800
8880
8880
8880
8880
8880
8880
8880
8880
8888
8889
8889
8889
8889
8889
8889
8889
8889
8889
8889
8899
8899
8899
8899
8899
8899
8899
8899
8899
8899
8899
8899
8899
8899
8899
8899
8899
8899
8899
8899
8899
8899
8899
8899
8899
8899
8899
8899
8899
8899
8899
8899
8899
8899
8899
8899
8899
8899
8899
8899
8899
8899
8899
8899
8899
8899
8899
8899
8899
8899
8899
8899
8899
8899
8899
8899
8899
8899
8899
8899
8899
8899
8899
8899
8899
8899
8899
8899
8899
8899
8899
8899
8899
8899
8899
8899
8899
8899
8899
8899
8899
8899
8899
8899
8899
8899
8899
8899
8899
8899
8899
8989
8989
8989
8989
8989
8989
8989
8989
8989
8999
8999
8999
8999
8999
8999
8999
8999
8999
8999
8999
8999
8999
8999
8999
8999
8999
8999
8999
8999
8999
8999
8999
8999
8999
8999
8999
8999
8999
8999
8999
8999
8999
8999
8999
8999
8999
8999
8999
8999
8999
8999
8999
8999
8999
8999
8999
8999
8999
8999
8999
8999
8999
8999
8999
8999
8999
8999
8999
8999
8999
8999
8999
8999
8999
8999
8999
8999
8999
8999
8999
8999
8999
8999
8999
8999
8999
8999
8999
8999
8999
8999
8999
8999
8999
8999
8999
8999
8999
8999
8999
8999
8999
8999
8999
8999
8999
8999
8999
8999
8999
8999
8999
8999
8999
8999
8999
8999
8999
8999
8999
8999
8999
8999
8999
8999
8999
8999
8999
8999
8999
8999
8999
8999
8999
8999
8999
8999
8999
8999
8999
8999
8999
8999
8999
8999
8999
8999
8999
8999
8999
8999
8999
8999
8999
8999
8999
8999
8999
8999
8999
8999
8999
8999
8999
8999
8999
8999
8999
8999
8999
8999
8999
8999
8999
8999
8999
8999
8999
8999
8999
8999
8999
8999
8999
8999
8999
8999
8999
8999
8999
8999
8999
8999
8999
8999
8999
8999
8999
8999
8999
8999
8999
8999
8999
8999
8999
8999
8999
8999
8999
8999
8999
8999
8999
8999
8999
8999
8999
8999
8999
8999
8999
8999
8999
8999
8999
8999
8999
8999
8999
8999
8999
8999
8999
8999
8999
8999
8999
8999
8999
8999
8999
8999
8999
8999
8999
8999
8999
8999
8999
8999
8999
8999
8999
8999
8999
8999
8999
8999
8999
8999
8999
8999
8999
8999
8999
8999
8999
8999
8999
8999
8999
8999
8999
8999
8999
8999
8999
8999
8999
8999
8999
8999
8999
8999
8999
8999
8999
8999
8999
8999
8999
8999
8999
8999
8999
8999
8999
8999
8999
8999
8999
8999
8999
8999
8999
8999
8999
8999
8999
8999
8999
8999
8999
8999
8999
8999
8999
8999
8999
8999
8999
8999
8999
8999
8999
8999
8999
8999
8999
8999
8999
8999
8999
8999
8999
8999
8999
8999
8999
8999
8999
8999
8999
8999
8999
8999
8999
8999
8999
8999
8999
8999
8999
8999
8999
8999
8999
8999
8999
8999
8999
8999
8999
8999
8999
8999
8999
8999
8999
8999
8999
8999
8999
8999
8999
8999
8999
8999
8999
8999
8999
8999
8999
8999
8999
8999
8999
8999
8999
8999
8999
8999
8999
8999
8999
8999
8999
8999
8999
8999
8999
8999
8999
8999
8999
8999
8999
8999
8999
8999
8999
8999
8999
8999
8999
8999
8999
8999
8999
8999
8999
8999
8999
8999
8999
8999
8999
8999
8999
8999
8999
8999
8999
8999
8999
8999
8999
8999
8999
8999
8999
8999
8999
8999
8999
8999
8999
8999
8999
8999
8999
8999
8999
8999
8999
8999
8999
8999
8999
8999
8999
8999
8999
8999
8999
8999
8999
8999
8999
8999
8999
8999
8999
8999
8999
8999
8999
8999
8999
8999
8999
8999
8999
8999
8999
8999
8999
8999
8999
8999
8999
8999
8999
8999
8999
8999
8999
8999
8999
8999
8999
8999
8999
8999
8999
8999
8999
8999
8999
8999
8999
8999
8999
8999
8999
8999
8999
8999
8999
8999
8999
8999
8999
8999
8999
8999
8999
8999
8999
8999
8999
8999
8999
8999
8999
8999
8999
8999
8999
8999
8999
8999
8999
8999
8999
8999
8999
8999
8999
8999
8999
8999
8999
8999
8999
8999
8999
8999
8999
8999
8999
8999
8999
8999
8999
8999
8999
8999
8999
8999
8999
8999
8999
8999
8999
8999
8999
8999
8999
8999
8999
8999
8999
8999
8999
8999
8999
8999
8999
8999
8999
8999
8999
8999
8999
8999
8999
8999
8999
8999
8999
8999
8999
8999
8999
8999
8999
8999
8999
8999
8999
8999
8999
8999
8999
8999
8999
8999
8999
8999
8999
8999
8999
8999
8999
8999
8999
8999
8999
8999
8999
8999
8999
8999
8999
8999
8999
8999
8999
8999
8999
8999
8999
8999
8999
8999
8999
8999
8999
8999
8999
8999
8999
8999
8999
8999
8999
8999
8999
8999
8999
8999
8999
8999
8999
8999
8999
8999
8999
8999
8999
8999
8999
8999
8999
8999
8999
8999
8999
8999
8999
8999
8999
8999
8999
8999
8999
8999
8999
8999
8999
8999
8999
8999
8999
8999
8999
8999
8999
8999
8999
8999
8999
8999
8999
8999
8999
8999
8999
8999
8999
8999
8999
8999
8999
8999
8999
8999
8999
8999
8999
8999
8999
8999
8999
8999
8999
8999
8999
8999
8999
8999
8999
8999
8999
8999
8999
8999
8999
8999
8999
8999
8999
8999
8999
8999
8999
8999
8999
8999
8999
8999
8999
8999
8999
8999
8999
8999
8999
8999
8999
8999
8999
8999
8999
8999
8999
8999
8999
8999
8999
8999
8999
8999
8999
8999
8999
8999
8999
8999
8999
8999
8999
8999
8999
8999
8999
8999
8999
8999
8999
8999
8999
8999
8999
8999
8999
8999
8999
8999
8999
8999
8999
8999
8999
8999
8999
8999
8999
8999
8999
8999
8999
8999
8999
8999
8999
8999
8999
8999
8999
8999
8999
8999
8999
8999
8999
8999
8999
8999
8999
8999
8999
8999
8999
8999
8999
8999
8999
8999
8999
8999
8999
8999
8999
8999
8999
8999
8999
8999
8999
8999
8999
8999
8999
8999
8999
8999
8999
8999
8999
8999
8999
8999
8999
8999
8999
8999
8999
8999
8999
8999
8999
8999
8999
8999
8999
8999
8999
8999
8999
8999
8999
8999
8999
8999
8999
8999
8999
8999
8999
8999
8999
8999
8999
8999
8999
8999
8999
8999
8999
8999
8999
8999
8999
8999
8999
8999
8999
9899
9899
9899
9899
9899
9899
9899
9899
9899
9899
9899
9899
9899
9899
9899
9899
9899
9899
9899
9899
9899
9899
9899
9899
9899
9899
9899
9899
9899
9899
9899
9899
9899
9899
9899
9899
9899
9899
9899
9899
9899
9899
9899
9899
9899
9899
9899
9899
9899
9899
9899
9899
9899
9899
9899
9899
9899
9899
9899
9899
9899
9899
9899
9899
9899
9899
9899
9899
9899
9899
9899
9899
9899
9899
9899
9899
9899
9899
9899
9899
9899
9899
9899
9899
9899
9899
9899
9899
9899
9899
9989
9989
9989
9989
9989
9989
9989
9989
9989
9999
10000
